0 152.182638956 60.5188015683 0.0 0.0 11998.3816819 8320
1 664.625507841 68.2164797749 0.0 0.0 1063.7453435 8320
2 550.098353393 75.6018481131 0.0 0.0 5359.63162585 8320
3 211.405213507 109.333437003 0.0 0.0 4541.87962908 8320
4 195.477682035 123.553698187 0.0 0.0 3158.66364088 8320
5 646.989210918 152.112111802 0.0 0.0 19103.9983146 8320
6 481.259556791 211.519682597 0.0 0.0 1153704.07367 3968
7 241.359306058 237.711480117 0.0 0.0 11876.8114519 8320
8 302.098804293 325.578602436 0.0 0.0 11039.1446141 8320
9 234.285800701 334.884147095 0.0 0.0 17233.5508279 8320
10 70.2738965503 337.394744926 0.0 0.0 3556.0570196 8320
11 168.430891558 409.492161546 0.0 0.0 31791.5332095 8320
12 62.7273607635 448.973547894 0.0 0.0 26241.5464929 8320
13 524.80706364 494.144746493 0.0 0.0 130006.147604 8320
14 900.676724807 525.567073568 0.0 0.0 9960.73832837 8320
15 614.139475395 555.093641865 0.0 0.0 4744.54070164 8320
16 123.762991543 578.959744177 0.0 0.0 21927.5745454 8320
17 820.925425826 692.94918121 0.0 0.0 20877.3266532 8320
18 950.004485928 669.892564399 0.0 0.0 7476.99169257 8320
19 843.518132523 677.371316176 0.0 0.0 73692.3554095 8320
20 911.602594001 690.772461567 0.0 0.0 9961.40127076 8320
21 134.023465495 705.111191638 0.0 0.0 21347.0533828 8320
22 840.85505855 725.02097401 0.0 0.0 5715.45711075 136
23 624.54441922 746.048603602 0.0 0.0 4553.04515863 8320
24 521.915590891 752.472486928 0.0 0.0 24946.4941837 8320
25 441.704343227 853.668756196 0.0 0.0 6041.26766774 8320
26 922.175432623 873.091898426 0.0 0.0 307728.996659 384
27 30.83821831 877.381785781 0.0 0.0 5068.72129945 8320
28 606.561250556 894.224469795 0.0 0.0 12112.5982633 8320
29 26.2343191288 926.322474507 0.0 0.0 7034.83358242 136
30 548.378361385 954.350736605 0.0 0.0 207858.576327 8320
31 758.82333607 959.92450457 0.0 0.0 4628.29357309 8320
32 64.7704053661 989.683076173 0.0 0.0 1729011.2668 8320
33 862.233271176 1005.96712266 0.0 0.0 6385.31083678 8320
34 467.771183705 1102.23545769 0.0 0.0 21913.3240723 8320
35 131.0 1147.0 0.0 0.0 0.0 193
0 130.0 1153.0 0.0 0.0 0.0 192
1 743.535436702 1192.89838227 0.0 0.0 69264.8674325 8320
2 155.794414941 1306.36120654 0.0 0.0 11899.7781253 8320
3 45.2141046704 1338.43248615 0.0 0.0 16998.0023417 8320
4 614.953915157 1360.89681802 0.0 0.0 42174.3211099 8320
5 597.299536034 1401.86081701 0.0 0.0 10029.6157309 8320
6 992.090734891 1416.19930698 0.0 0.0 9681.71328383 8320
7 179.566180033 1427.34103289 0.0 0.0 11443.2669301 8320
8 89.4059854269 1438.6799015 0.0 0.0 4343.82229517 8320
9 608.604833528 1441.5067024 0.0 0.0 12330.0686824 8320
10 747.614851169 1485.87520115 0.0 0.0 814.223615111 136
11 1010.68944473 1502.44570165 0.0 0.0 249548.103924 8320
12 435.709076546 1495.92746206 0.0 0.0 4846.98082796 160
13 945.990525503 1559.45552481 0.0 0.0 28686.5583255 8320
14 826.331529192 1575.42248232 0.0 0.0 5324.70053327 8320
15 312.777372731 1587.80294342 0.0 0.0 1066.1168325 8320
16 916.466148998 1642.6530282 0.0 0.0 2897.64373808 8320
17 24.6642887935 1648.48954684 0.0 0.0 28378.8783951 8320
18 767.766707911 1685.87154548 0.0 0.0 6605.51872348 8320
19 10.1359268356 1690.40471052 0.0 0.0 49145.6864293 8320
20 373.687190846 1706.49478971 0.0 0.0 50440.6935441 8320
21 273.81807884 1704.80458034 0.0 0.0 4666.34533445 8320
22 876.09225738 1712.23322978 0.0 0.0 9462.01784957 8320
23 881.854344936 1721.00070694 0.0 0.0 7611.39648594 130
24 709.647791147 1740.09519272 0.0 0.0 11304.9985023 8320
25 48.15171935 1763.51917866 0.0 0.0 40326.0438413 8320
26 388.572515872 1772.88861952 0.0 0.0 9109.85601129 8320
27 116.381539619 1778.19662246 0.0 0.0 271797.613768 8320
28 907.395119649 1793.93648761 0.0 0.0 11644.2847945 8320
29 16.1726220386 1815.65686651 0.0 0.0 383783.868102 8320
30 895.85808047 1832.59921336 0.0 0.0 62103.5585197 8320
31 57.6175356341 1901.70911935 0.0 0.0 924.420272089 8320
32 482.031844641 1908.07115614 0.0 0.0 18937.3533557 8320
33 240.570440738 1930.53945279 0.0 0.0 10532.920302 8320
34 204.978250562 1931.33382311 0.0 0.0 4389.96405989 8320
35 673.871774294 1938.25641395 0.0 0.0 6607.14122582 8320
36 787.508557332 1947.6052219 0.0 0.0 5847.68889971 8320
37 867.473694265 1955.60078017 0.0 0.0 4618.46166162 8320
38 817.4530424 1969.78687434 0.0 0.0 6822.06007554 8320
39 932.508676446 1978.4917434 0.0 0.0 7476.58513753 384
40 930.745679138 1991.84163388 0.0 0.0 2214.22437794 896
41 711.344029521 2011.66510957 0.0 0.0 15288.6430535 8320
42 147.776358339 2036.07916743 0.0 0.0 5573.72541785 8320
43 391.796539456 2083.3329975 0.0 0.0 5116.89590431 8320
44 504.644792956 2102.76576399 0.0 0.0 8799.07116088 8320
45 737.608807359 2109.0133204 0.0 0.0 7230.89133186 8320
46 738.267006914 2108.29214475 0.0 0.0 7330.16806932 8320
47 764.473013921 2114.21354357 0.0 0.0 12623.1065082 8320
48 788.647346488 2156.70909832 0.0 0.0 354.420022708 928
49 302.509924515 2185.27117444 0.0 0.0 4865.36127381 8320
50 195.444415461 2205.73047521 0.0 0.0 4507.64913617 8320
51 199.76997898 2230.90183444 0.0 0.0 7183.45060611 8320
52 366.00084627 2253.58756205 0.0 0.0 8499.9637495 8320
53 233.398734878 2275.81658493 0.0 0.0 1241.28512995 8320
0 955.894780105 2322.60536569 0.0 0.0 218149.430911 8320
1 780.802666848 2338.64140931 0.0 0.0 6693.39908718 8320
2 1023.0 2345.0 0.0 0.0 0.0 192
3 1003.80713269 2346.176131 0.0 0.0 3584.55890385 8320
4 558.998561022 2389.41607469 0.0 0.0 8139.8653883 8320
5 976.93232203 2421.33495648 0.0 0.0 6359.72115593 8320
6 14.2203599852 2433.71645938 0.0 0.0 5644.6843308 8320
7 353.48813874 2511.57924108 0.0 0.0 5952.7707939 8320
8 283.280717156 2518.1501633 0.0 0.0 5798.58423278 8320
9 385.512273475 2526.2214416 0.0 0.0 19114.493562 8320
10 603.312886645 2584.12802775 0.0 0.0 4782.48635422 8320
11 706.953921117 2591.53603067 0.0 0.0 84515.5927135 8320
12 581.238653519 2651.0492666 0.0 0.0 7005.68505438 8320
13 1019.0 2760.0 0.0 0.0 0.0 193
14 826.057968828 2761.30722968 0.0 0.0 8832.2370687 896
15 40.469312396 2777.40161197 0.0 0.0 7643.56287554 8320
16 217.811029281 2785.93596987 0.0 0.0 4145.14402154 130
17 839.80294109 2794.6310699 0.0 0.0 9438.83632539 8320
18 13.9217885008 2798.41612022 0.0 0.0 22140.3951407 8320
19 806.309108675 2797.66221763 0.0 0.0 11064.8384525 384
20 242.531319363 2875.69213129 0.0 0.0 3999.43678981 8320
21 764.503947531 2938.29110896 0.0 0.0 20518.2603524 8320
22 101.574771521 2947.65843899 0.0 0.0 6004.78765067 8320
23 573.927607106 3035.6481092 0.0 0.0 7927.40133177 8320
24 959.371006641 3062.30347913 0.0 0.0 5610.79060485 136
25 962.90206586 3089.64339307 0.0 0.0 863773.662014 3970
26 319.777891835 3078.25442804 0.0 0.0 9016.60351413 8320
27 207.950786154 3080.65180491 0.0 0.0 2343.86515807 8320
28 259.79714038 3091.30907517 0.0 0.0 1178977.24747 8320
29 624.746771456 3141.28933053 0.0 0.0 24013.9399754 8320
30 453.547557652 3170.9920794 0.0 0.0 5051.43219618 8320
31 548.22001718 3189.27358012 0.0 0.0 5549.42952606 8320
32 278.394143369 3200.86808602 0.0 0.0 1425.79468306 136
33 755.321696265 3198.34055574 0.0 0.0 6494.68044429 8320
34 191.251046159 3199.97135682 0.0 0.0 7176.22284196 8320
35 853.594476093 3235.66570072 0.0 0.0 30140.5158496 8320
36 430.076276738 3243.80683093 0.0 0.0 1920.73866909 8320
37 508.534079618 3255.12493254 0.0 0.0 7823.72718803 8320
38 890.205543045 3299.08833796 0.0 0.0 3858.79465243 8320
39 331.173241504 3338.01387324 0.0 0.0 1240.67838726 8320
40 471.964795849 3349.32638837 0.0 0.0 21209.4440269 8320
41 698.015323773 3414.44674753 0.0 0.0 25542.8912721 8320
42 723.275681235 3424.50776499 0.0 0.0 6166.93402472 8320
43 778.925922934 3435.25403354 0.0 0.0 5777.66295587 8320
44 162.950731827 3442.64082452 0.0 0.0 6086.45751107 8320
0 61.1877810417 3470.28703061 0.0 0.0 36451.6937663 8320
1 627.849323568 3536.84036502 0.0 0.0 7248.66274528 8320
2 288.707986383 3555.98358251 0.0 0.0 1807.08157763 8320
3 410.281201309 3593.7960812 0.0 0.0 5336.63564701 8320
4 380.816874871 3607.64460903 0.0 0.0 57385.7859241 8320
5 376.732166216 3663.45449468 0.0 0.0 5504.22895388 8320
6 482.736338395 3729.40570108 0.0 0.0 1759373.30156 8320
7 921.710191058 3789.29690711 0.0 0.0 5300.33035485 8320
8 71.2373158884 3839.20023566 0.0 0.0 5029.22933959 8320
9 404.433722345 3861.88512473 0.0 0.0 4585.37166774 8320
10 813.174943017 3881.5200692 0.0 0.0 3204.54063631 896
11 970.741072753 3952.95264439 0.0 0.0 3317.18656408 130
12 328.497924995 3960.50062154 0.0 0.0 22108.1604609 8320
13 569.13011226 3962.81452758 0.0 0.0 267024.669899 8320
14 878.52207803 3978.00474252 0.0 0.0 35542.7983815 8320
15 731.236696308 4062.28985836 0.0 0.0 12070.1864468 8320
16 483.574576697 4074.77770196 0.0 0.0 5916.78576307 8320
17 130.901891011 4111.52213378 0.0 0.0 3283.30046366 8320
18 973.47207069 4122.6730632 0.0 0.0 5568.04407291 8320
19 852.82217966 4152.37209488 0.0 0.0 8935.06904922 8320
20 76.9999325672 4160.85266544 0.0 0.0 6153.16624496 8320
21 97.4367284982 4179.09604259 0.0 0.0 3270.43759887 8320
22 864.639569673 4189.29482421 0.0 0.0 4597.55474961 8320
23 38.7753700784 4210.49517812 0.0 0.0 95248.4389832 8320
24 993.856616025 4224.83169838 0.0 0.0 1422315.86263 3968
25 748.249579248 4232.76505101 0.0 0.0 11528.0643881 8320
26 598.96340787 4292.34146197 0.0 0.0 8222.11454283 8320
27 504.852403265 4301.87263957 0.0 0.0 9306.67446459 8320
28 818.30351046 4340.27350208 0.0 0.0 6760.51575036 8320
29 224.013846942 4409.40703871 0.0 0.0 3672.59880777 8320
30 417.784089466 4431.81757964 0.0 0.0 20216.721038 8320
31 196.308487716 4433.88462603 0.0 0.0 5255.99539752 8320
32 710.354147969 4459.37216332 0.0 0.0 5472.80664416 8320
33 768.681277019 4466.32677695 0.0 0.0 9574.33929887 8320
34 434.018526094 4470.74517365 0.0 0.0 2835.65485036 8320
35 655.736566959 4474.07361795 0.0 0.0 10213.0034753 8320
36 757.001245285 4474.2340377 0.0 0.0 10522.6076694 8320
37 993.287870551 4504.63485808 0.0 0.0 7159.31425854 136
38 51.3694228197 4509.93685609 0.0 0.0 27269.6819663 8320
39 92.6682698046 4514.77263012 0.0 0.0 3055.85874984 8320
40 586.998531087 4521.10261093 0.0 0.0 12532.7757084 8320
41 687.569312805 4545.46412241 0.0 0.0 2549.6180555 8320
42 253.317497113 4550.16987595 0.0 0.0 17683.2128718 8320
43 477.42510345 4556.34560661 0.0 0.0 2403.94587866 8320
44 667.999926862 4559.15851651 0.0 0.0 3808.55712557 8320
45 55.0625019145 4570.5748 0.0 0.0 22229.5200647 8320
46 893.0 4610.0 0.0 0.0 0.0 449
0 1716.0 2.0 0.0 0.0 0.0 449
1 1432.60539893 40.5853716918 0.0 0.0 3111.07113962 8320
2 1406.82846139 59.6401824585 0.0 0.0 8474.28015632 8320
3 1335.92258523 66.639394228 0.0 0.0 166582.693329 8320
4 1125.34580863 68.8814367535 0.0 0.0 3630.354865 8320
5 1833.23799702 89.7536160678 0.0 0.0 37594.6362819 8320
6 1679.23401 117.098742464 0.0 0.0 7290.55228743 8320
7 2008.13654495 126.581607552 0.0 0.0 234297.838126 8320
8 1867.71660432 175.227354096 0.0 0.0 3569.51915128 8320
9 1203.99865079 178.974460524 0.0 0.0 3801.39875159 8320
10 1171.02538685 204.449618768 0.0 0.0 119853.416556 8320
11 1260.9198166 206.598958448 0.0 0.0 20760.7420493 8320
12 1410.155816 234.827029696 0.0 0.0 5539.84719295 8320
13 1995.59101869 240.700645368 0.0 0.0 6330.98965973 8320
14 1675.61519498 244.645680217 0.0 0.0 3837.0883094 8320
15 1613.44063022 257.86459709 0.0 0.0 10541.4849157 8320
16 1543.49620227 278.664376625 0.0 0.0 5168.39126751 384
17 1312.86951187 281.84217684 0.0 0.0 1656.9536075 8320
18 1101.67114187 398.321578857 0.0 0.0 373319.345934 8320
19 1638.32786036 413.547453155 0.0 0.0 6885.00370701 130
20 1637.76687998 434.632891158 0.0 0.0 9674.93508996 130
21 1730.21183717 451.792110106 0.0 0.0 15745.2090383 8320
22 1361.18876396 457.859614137 0.0 0.0 32459.7622373 384
23 1353.77487585 476.148754349 0.0 0.0 7709.63642203 8320
24 1651.231785 486.816374689 0.0 0.0 28997.0269445 8320
25 1433.81380774 487.218317297 0.0 0.0 3754.16439403 8320
26 1229.58642993 498.202482134 0.0 0.0 10692.3940391 8320
27 1595.77917235 503.94470591 0.0 0.0 10626.2980813 896
28 1714.70819642 547.14129325 0.0 0.0 16214.9526723 8320
29 1440.8747877 551.001801605 0.0 0.0 4091.83533333 8320
30 1429.39668862 576.445887539 0.0 0.0 4645.64985481 8320
31 1096.78004426 585.431714118 0.0 0.0 87658.4757381 8320
32 1162.39405724 585.116359511 0.0 0.0 576371.23922 8320
33 1696.55198925 581.340694337 0.0 0.0 54629.278769 8320
34 1838.18320779 627.480466606 0.0 0.0 7153.02353002 8320
35 1550.84678915 628.466722328 0.0 0.0 6285.00846343 8320
36 1978.9343648 628.273147487 0.0 0.0 71494.1264271 8320
37 1920.98594202 658.51673777 0.0 0.0 68477.6111342 8320
38 1633.14659698 660.164543921 0.0 0.0 4568.5488927 8320
39 1815.90069078 687.515328754 0.0 0.0 4826.18068597 8320
40 1606.61683396 694.684119722 0.0 0.0 4213.35726119 8320
41 1843.25181485 706.730852587 0.0 0.0 34669.206425 8320
42 1707.87059072 731.150016944 0.0 0.0 3946.2770033 8320
43 1477.74989735 742.782970526 0.0 0.0 4553.26500998 8320
44 1355.33203066 745.419491395 0.0 0.0 5678.43194631 8320
45 1237.78621556 747.61871259 0.0 0.0 3911.03811486 8320
46 1370.41055105 746.830123854 0.0 0.0 4296.04370776 8320
47 1174.60059387 751.359548675 0.0 0.0 5350.0128395 8320
48 1174.20841343 751.246121624 0.0 0.0 5310.55001004 8320
49 1658.32614441 773.122660839 0.0 0.0 4192.46799989 8320
50 1858.28656873 823.638825732 0.0 0.0 4708.37728353 8320
51 1605.90604889 831.620100362 0.0 0.0 6073.88824024 8320
52 1193.04240446 884.813132013 0.0 0.0 7840.64901036 8320
53 1169.0551346 929.445176083 0.0 0.0 777574.808443 8320
54 1273.2798255 933.040120102 0.0 0.0 35530.3886117 8320
55 1460.86560215 967.694289219 0.0 0.0 5073.40178618 8320
56 1038.43716088 1020.65573868 0.0 0.0 3952.78950359 8320
57 1802.86272947 1053.59834977 0.0 0.0 10677.9059122 8320
58 1096.59876935 1120.08974597 0.0 0.0 4693.39809994 8320
59 1514.0 1152.0 0.0 0.0 0.0 192
0 1381.0 1153.0 0.0 0.0 0.0 448
1 1412.0 1153.0 0.0 0.0 0.0 192
2 1514.0 1157.0 0.0 0.0 0.0 193
3 1727.37443954 1173.04641256 0.0 0.0 76109.7436591 8320
4 1176.66452847 1190.63951371 0.0 0.0 6653.31596426 8320
5 1987.28800776 1319.40774211 0.0 0.0 7876.02812952 8320
6 1543.83671508 1390.2383708 0.0 0.0 207.010065184 928
7 1639.43884636 1433.42688554 0.0 0.0 4399.33776679 8320
8 1683.0 1444.0 0.0 0.0 0.0 192
9 1677.28478048 1459.24038018 0.0 0.0 31722.9160324 8320
10 1064.34302347 1505.71296157 0.0 0.0 4519.84230172 384
11 1643.2840603 1545.91154481 0.0 0.0 2852.71506903 8320
12 2035.63983193 1548.23490495 0.0 0.0 6974.80206609 8320
13 1947.0 1566.0 0.0 0.0 0.0 192
14 1970.28607792 1561.74437674 0.0 0.0 123828.265217 384
15 1823.34034661 1573.28175262 0.0 0.0 6297.83421361 8320
16 1452.53447861 1586.2702578 0.0 0.0 5059.67420174 8320
17 1373.57089548 1598.38545828 0.0 0.0 5121.18934175 8320
18 1035.76068753 1638.07451333 0.0 0.0 4001.60678075 8320
19 1779.8751249 1732.68730195 0.0 0.0 6202.59959145 130
20 1789.00472438 1750.53858064 0.0 0.0 7763.63956472 8320
21 1997.26230831 1755.73484389 0.0 0.0 4970.47717079 8320
22 1867.96394552 1796.74788824 0.0 0.0 6599.75976968 8320
23 1645.68676641 1798.87528057 0.0 0.0 28483.8372843 8320
24 1076.24994718 1799.54688371 0.0 0.0 3012.62201145 8320
25 1533.29073082 1846.08150914 0.0 0.0 5783.39640984 8320
26 1628.39549385 1857.9739758 0.0 0.0 110924.382795 8320
27 1324.18845034 1913.79916713 0.0 0.0 7106.92448109 8320
28 1552.73776918 1953.25861926 0.0 0.0 37314.4742849 8320
29 1404.9152418 1968.83258914 0.0 0.0 5907.88014938 8320
30 1495.68062369 2012.43557567 0.0 0.0 1855462.01527 3968
31 1603.30400468 2014.44727854 0.0 0.0 31135.1773514 384
32 1948.30563871 2058.82428742 0.0 0.0 114296.569602 8320
33 2018.48253868 2072.62793948 0.0 0.0 9749.25231712 8320
34 1285.0 2121.0 0.0 0.0 0.0 448
35 1948.17129246 2159.77079782 0.0 0.0 4857.45867024 8320
36 1285.0 2213.0 0.0 0.0 0.0 448
37 1779.30405515 2224.44367528 0.0 0.0 508008.500601 8320
38 1285.0 2217.0 0.0 0.0 0.0 448
39 2028.76892442 2222.23023745 0.0 0.0 18261.4348936 8320
40 1363.115199 2226.27305852 0.0 0.0 27936.776039 8320
41 1804.38780377 2293.2637656 0.0 0.0 8853.3970296 8320
0 1786.13234446 2347.02188774 0.0 0.0 25150.9676458 8320
1 1024.0 2345.0 0.0 0.0 0.0 192
2 1284.36180155 2362.02097096 0.0 0.0 1476.65602242 896
3 1745.55328028 2373.55967826 0.0 0.0 3281.31905799 130
4 1930.59312355 2376.6755371 0.0 0.0 6620.69007403 8320
5 1155.68472995 2380.62342536 0.0 0.0 8569.65425272 8320
6 1753.23006479 2436.71806818 0.0 0.0 4093.14520238 8320
7 1518.68130529 2452.90305763 0.0 0.0 1354.53173758 8320
8 1511.60843295 2460.42061912 0.0 0.0 1005.28826755 136
9 1452.89702588 2470.9321829 0.0 0.0 265279.611315 8320
10 1493.23770281 2469.08928401 0.0 0.0 833.432823238 136
11 1691.24878358 2477.93213793 0.0 0.0 3471.50271662 8320
12 1829.37115331 2499.70412534 0.0 0.0 5622.72242014 8320
13 1702.60860017 2521.87762907 0.0 0.0 7827.81604749 8320
14 1254.49247177 2528.21773634 0.0 0.0 3812.00266286 8320
15 1727.44631732 2568.49342938 0.0 0.0 4902.63262119 8320
16 2042.0 2583.0 0.0 0.0 0.0 193
17 1189.04980286 2631.7848503 0.0 0.0 5636.74010743 8320
18 1125.96258073 2639.84943697 0.0 0.0 948191.995942 8320
19 1594.53769489 2655.59884356 0.0 0.0 1320.50887645 928
20 1595.60604618 2693.33362886 0.0 0.0 3087.0896287 640
21 1476.04641627 2754.75709247 0.0 0.0 6606.84397662 8320
22 1401.49948919 2787.54296027 0.0 0.0 7992.84693729 8320
23 1673.91266182 2804.39028805 0.0 0.0 1166.50195295 896
24 1112.75921276 2840.76414908 0.0 0.0 4122.10825989 8320
25 1594.60557343 2843.09304535 0.0 0.0 5345.87403308 896
26 1495.37456323 2848.84100875 0.0 0.0 4265.42703333 896
27 1273.15919812 2879.27023851 0.0 0.0 4331.10202869 8320
28 2021.442579 2912.08258334 0.0 0.0 4698.64275349 8320
29 1670.83436093 2943.66608334 0.0 0.0 14142.7499835 8320
30 1082.45291536 2985.82720676 0.0 0.0 17021.4790816 8320
31 1044.3820782 3051.02959052 0.0 0.0 4044.54378228 8320
32 1293.6067766 3055.24772135 0.0 0.0 8333.06345365 136
33 1292.87469314 3059.07238097 0.0 0.0 10954.1703196 8320
34 1055.77597207 3062.12696834 0.0 0.0 4660.46718537 8320
35 1688.85390353 3069.42005978 0.0 0.0 397.94078772 160
36 1713.84547127 3101.25286104 0.0 0.0 805122.199268 8320
37 1340.94663734 3101.15750997 0.0 0.0 12702.3304805 8320
38 1783.6915874 3168.22765277 0.0 0.0 5871.92740607 8320
39 1595.42879573 3218.09954903 0.0 0.0 2685.31709733 896
40 1362.16020214 3218.63952867 0.0 0.0 4272.32130378 136
41 1360.87278245 3220.24173713 0.0 0.0 3630.64180214 130
42 1371.31139214 3219.69203301 0.0 0.0 5972.48294534 130
43 1726.52453765 3225.70002756 0.0 0.0 8341.18125499 8320
44 1132.36351821 3226.01471832 0.0 0.0 4918.3780237 8320
45 1375.98809827 3228.40365683 0.0 0.0 13656.113948 8320
46 1450.00668615 3253.4069451 0.0 0.0 5637.44233871 8320
47 1742.49515076 3294.25661717 0.0 0.0 4751.83236155 8320
48 1826.46101068 3329.50460043 0.0 0.0 4688.51499831 8320
49 1863.93082114 3331.58259201 0.0 0.0 3515.12824857 8320
50 1036.60080398 3426.10863404 0.0 0.0 6155.91990818 8320
51 1666.37386469 3438.44498038 0.0 0.0 35737.1791131 8320
52 1142.5029407 3440.72954941 0.0 0.0 68224.0622764 8320
